PSALMORUM INDEX.

annun-*nun*-

11911 Dominum.

’11. ui te , 011111,1111111.
ti. 11111,011111,111111.
199. id 11111111111111.

98. 1011101111.

11. Attendite popule.

10. 11111111111111.
11001111 1111111111.

191. 01111 11111, qui.

01. 01111,111111.

10. 011111,1111111111111.

t. 011111111.

tii. 011111111, qui timet.

33. 0111111111 Dominum.

109. 0111111, 11111 1111...1111111.
103. 01111111,1111111111... Domine.
143. Benedictus 01111111.

84. 0111111110, 011111.

91. 0111111111101111.

10. 0111111111111.
1490111111 011111...1111.
00. 0111111 Domino... 1111111.
01. 0111101111... quie.
11. 011011111111111.

0. 0111111111 tibi... 1111111.
110. 0111111011... in.

131. 0111111111 1111.

101. 01101111110111111 11.
100011οι1111 Domino... 0111.

’ 100. (innitemini... Dicent.

. 111. 0110111111011111... 01111.
130. 0110111111011111... 11.
10. 0111111111,οο111.
110. Credidi propter.

1. 011 invocarem.

199. Du proiundie.

13. 0111 11111111.

tu. 0111 deorum 0111111.
69. 011101111111,1011.
91. 0111 Deus 1111.

69. 0111111011111111.
03. 011111111111.

11. 0111 iudicium.
1000111111111 11111.
06. Deus 1111111111.

40. 0111111111 retugium.
09. 0111 quie 1111111.

00. 0111 repulisti 111.
01. Deus 11111111 synagoge.
10. 0111 11111111 gentes.
90. 0111 ultionum.

111. Diioui, quonium.

11. Diiigumte‚Domine.
38. Dixizcuetodium.

109. 011110111111.

30. 01111 injustus.

13. Dixit insipient.

09. Dixit insipiens.

110. 011111 1111111.

1. 01111101111111.
81. 01111101111111111.
0. 0111110111111111111.
101. 011111,111111....11.

119 149.011111,1111111.

10 90. Domine, 1111111111.

90 u. 0111111,1111111111.
114 31 Domino, 1111111111.-
10 130.011111,111111111111111.
11 100011111111111111.

00 3. Domino quid muitipiioeti.
90 14. 0111111111111111111.
110 89. 011111 retugium.

19 93. 01111111111111.

00 90. 011111111111111111.

0 99. Dominus regit 11.

109 99. Dominus regnauit, 01111111.
43 90.’ Dominus regnante ‚ exuitet.
01 90. 011111111111111,1111111111.
91 133. 01111111.
191 10911111 1111111111.

06 08. Eripe 111.

90 139. Eripe me , Domine.

19 14. Eructavit 11111111.

11 141.0111111111,1111.

00 90. 0111111111, Domine.

91 19. Exaudiet 1101111111.

10 00. Exaudi 0111 deprecatum.
5 01. 0111111 01111 ...... 1111.
108 63. 0111110111....111111111111
491 10. Exaudi Domine justitium.

99 39. 011111111111111111.
100 00. 0111111011
909 39. 01111111 justi.

19 01. 0111111 11111.
119 80. 01111111111111.

9 00. 1111111,011111.
111 19011 convertendo.
199 10. 11 011111 confido.

09 1131111111 111111.

06 30. 11 11, 011111, eperunt.
09 10. 11 11 , Domine ‚ 1111111.
10 60. 1111111011...,11111111.
91 99. 91111111011...,1111111.
19 ut. 111111,011111.

10 19111111110111.

11 90. 11111111,011111.
109 1911111111111.

10 11011111,111111111.

01 11111111111111111.

00 140. 111111101111110111111.
60 100. 1111111011111111.

84 110. 1110111011111111111.
00 110. 11101110111111 quonium.
90 101. tondete nomen Domini.
itt 1191110111111111.

10 19011111 111111 meon.

32⁶&ae

:exssattuoeoe—-ss

3333

*mazam-zaeoeeoefflzffia

..—
-οὲ

03 11. tinnitus Dominus‚et.
108 101111111110111111.

10 06. Miserere... 1111111111.
0 00. 111111111....1111111.
09 10. inuenero... 11111111.
193 10011111111111111.

1 80. 11111111111111011111.
01 19601510111111.

0 11111111111111111.
90 30. Noli 11111111.

ᾤ...-
‘’3-

 

