cclxj

1111111111. 61 113. 81111111111111111. 116
ludu. 16 68. 8111111111 111,1)111. 11
1111. 58 11. Salvum 111111. ¹ . 1
111. 103 51. sivero 111111. 84
11111111. 11 136. Super 1111111. 110
111. 85 81. 11111111111111. 69
11111111. 3 91. manzunculas. , 2
111111 (1111111111. 55 5. 1111811111 11111111. 40
11111. 115 18. 11111111....11111111111111111. 11
11111. 00 11111111 1111....11111111111011111111. 113
11. 119 11. 1111111111, 11111111. ’1
111111. 81 13. 111 quid, 0111, repulisti. 15

1111111111 11111. ·

·--0000‹=·--

105 11111111111111111111.
111. w 1111111111111111111.
11111. 18 1111111111.
1111. 81 311111111111.
11111111. 50 0111111111 1111.
111111111111. 92 11111111 1111111111.

1111111111111. .

w

gloria.

i 1111111.
Conditor.
1111.

pi.

1111111.

11 nobilis.

1111.

1111111.
111311.
Petro.

11 nuptia.
, Jerusalem.

1111111111.
norum.

sum 1111111111.

111 luminis.
111.
siderum.
eternitatis.
militum.
1 impetus.
1111 1111111.
1111 11111111.
»r Paule.
111.
11111111.
nent.
pectore,
111 1111111111.

33 111111 11111,11111.

ij 11111111. ‘

18 ι 1111 11111 orto 1111111.

62 1111 1111111111 igneus. ,
11111Ι 1111, 111111 celsior.
345 1111, 111111 virginum.
301 1111, Redemptor omnium.
cxxii] 11111111 11111 Conditor.
311· 11 111111111111111.

101 1111111 1111111111111.
301 11111111 111111 Numinis.
338 11111111 conditoris.

xcix 1111 cantenor 11111111.
111 11111 0111111 optime.
291 1111 11111, 1111, mentium.
xxxii] 11111111 surgit 11111.

113 1111113111111111111.
310 111111111111111111.
ccxii Mum· 1111 1111111111.
351 111111111111111 Conditor.
xviij 111111 modi· 1111111111111.
381 Nom 11111111111111111.
303 11111111111111 contegit.
18 1111,1111111111.

381 Nune 111111 nobis 81111111.
311 011111111111111111.

ij 0111111 felix. ²

3611 0111,111111111111111.
xciii 011111111111.

113 11111, 1113111111111111111111.

 

